8010 1
8018 1,2
8035 1,2
8036 1,2
8037 1,2
8038 1,2
8040 1,2
8043 1,2
8046 1,2
8052 1,2
8053 1,2
8057 1,2
8060 1,2
8064 1
8066 1,2
8067 1,2
8068 1,2
8078 1,2
8079 1,2
8084 1
8088 1,2
8092 1,2
8099 1
8105 1,2
8113 1,2
8119 1
8121 1,2
8122 1,2
8124 1,2
8126 1,2
8131 1,2
8141 1,2
8146 1,2
8159 1,2
8161 1,2
8165 1,2
8167 1,2
8168 1,2
8169 2
8172 1
8173 1
8176 1
8185 1,2
8186 1
8192 1,2
8196 1,2
8197 1,2
8199 1,2
8203 1
8214 1,2
8217 1,2
8223 1,2
8228 1,2
8234 1,2
8235 1,2
8247 1,2
8252 1,2
8254 1,2
8258 1,2
8263 1,2
8272 1,2
8278 1,2
8283 1,2
8286 1,2
8291 1,2
8295 1,2
8296 1,2
8298 1,2
8300 1,2
8301 1,2
8305 1
8306 1,2
8309 1,2
8333 1,2
