8018 NA
8035 NA
8036 NA
8037 NA
8038 NA
8040 NA
8043 NA
8046 NA
8052 NA
8053 NA
8057 NA
8060 NA
8064 NA
8067 NA
8068 NA
8078 NA
8079 NA
8088 NA
8092 NA
8099 NA
8105 NA
8113 NA
8119 NA
8121 NA
8122 NA
8124 NA
8126 NA
8131 NA
8146 NA
8161 NA
8165 NA
8167 NA
8168 NA
8169 NA
8172 NA
8173 NA
8176 NA
8185 NA
8186 NA
8192 NA
8196 NA
8197 NA
8199 NA
8203 NA
8214 NA
8217 NA
8223 NA
8228 NA
8234 NA
8235 NA
8247 NA
8252 NA
8254 NA
8258 NA
8263 NA
8272 NA
8277 NA
8278 NA
8283 NA
8286 NA
8295 NA
8296 NA
8298 NA
8300 NA
8301 NA
8303 NA
8306 NA
8309 NA
8311 NA
8333 NA
8366 NA
